$ANSIBLE_VAULT;1.1;AES256
36353938313534323761313163363232623965343330336465663530303862356562376134383733
3732613334363137623865336131636130356536663734320a646138653038303235346639343036
30376534363466663163383939393430383366386532343664623631396261626434333936613632
3465646138353334340a393937333636663661356339663331353161313334313463616538643030
62343466346534393061323865303562373339643635336361666661666561363737643932333535
64616339666632343136386239343263393762636665346563326536383164343130636162656533
34303139333561353330656235393364386165353561353661323930396461393831643237633536
36383134383730643962633034366263633135383537666635316436636134353762333538613638
65343464623563623164326238386432653265343433613366303464623638346365383163616638
34663561613231313134616162373866306134663234363530666333373030313039363662656661
37386336396431333364383333313261373436623830373766373133343762343637326634646635
66636530633462656238373766343063656365336236356562633366643130336434323532613336
63333363643430376135343762636165643133373061633766343665316438633130
